No    Ref    V       B-V     
 0001   548  20.196   0.353      
 0002   548  19.682   1.445         
 0003   548  23.051  -1.588         
 0004   548  19.624   1.375         
 0005   548  20.023   2.029         
 0006   548  20.137   1.333         
 0007   548  20.184   1.479         
 0008   548  18.303   1.758         
 0009   548  21.512   1.164         
 0010   548  23.154  -2.028         
 0011   548  19.346   1.999         
 0012   548  20.189   1.660         
 0013   548  16.363   1.601         
 0014   548  19.690   2.257         
 0015   548  20.294   1.559         
 0016   548  21.239  -1.473         
 0017   548  21.231  -0.975         
 0018   548  20.237   0.994         
 0019   548  16.318   2.817         
 0020   548  18.063   2.090         
 0021   548  19.046   2.037         
 0022   548  17.748   1.980         
 0023   548  18.306   1.924         
 0024   548  20.456   1.330         
 0025   548  15.238   1.142         
 0026   548  19.643   2.719         
 0027   548  18.118   2.670         
 0028   548  18.189   3.517         
 0029   548  19.062   2.559         
 0030   548  23.479  -2.516         
 0031   548  17.738   1.607         
 0032   548  16.581   1.672         
 0033   548  16.840   1.922         
 0034   548  20.996   2.331         
 0035   548  20.615   1.102         
 0036   548  20.614  -0.031         
 0037   548  15.443   1.501         
 0038   548  20.923   2.407         
 0039   548  17.316   1.641         
 0040   548  20.528   2.111         
 0041   548  21.566   0.771         
 0042   548  19.770   1.779         
 0043   548  20.429   2.634         
 0044   548  18.131   1.988         
 0045   548  20.969   2.745         
 0046   548  20.318   2.077         
 0047   548  18.292   1.092         
 0048   548  19.965   2.259         
 0049   548  17.585   1.728         
 0050   548  17.741   0.513         
 0051   548  20.231   1.880         
 0052   548  18.182   2.119         
 0053   548  18.038  -0.321         
 0054   548  19.559   2.140         
 0055   548  17.871  -0.340         
 0056   548  17.973  -0.281         
 0057   548  17.744  -1.249         
 0058   548  19.814   1.482         
 0059   548  18.189  -1.066         
 0060   548  17.613   2.477         
 0061   548  22.512  -0.398         
 0062   548  17.663  -0.126         
 0063   548  17.882  -2.463         
 0064   548  20.905   1.028         
 0065   548  17.564   3.527         
 0066   548  22.302   0.305         
 0067   548  17.735   0.384         
 0068   548  18.311  -1.254         
 0069   548  20.844   1.680         
 0070   548  17.816  -0.928         
 0071   548  22.381  -1.882         
 0072   548  10.398   0.099         
 0073   548  19.568   2.463         
 0074   548  21.114   1.304         
 0075   548  13.606   0.906         
 0076   548  17.855  -0.405         
 0077   548  19.142   2.129         
 0078   548  20.815   1.816         
 0079   548  19.158   2.251         
 0080   548  17.789   0.066         
 0081   548  17.826  -0.386         
 0082   548  17.656   0.068         
 0083   548  20.585   1.439         
 0084   548  17.706  -0.059         
 0085   548  22.868  -0.372         
 0086   548  22.498  -1.776         
 0087   548  17.424   0.189         
 0088   548  20.233   1.696         
 0089   548  20.158   2.253         
 0090   548  17.965  -0.188         
 0091   548  18.410   2.362         
 0092   548  21.463  -0.635         
 0093   548  21.005   1.818         
 0094   548  15.337   1.271         
 0095   548  21.045  -1.182         
 0096   548  17.183   1.632         
 0097   548  20.853   1.858         
 0098   548  21.863   1.442         
 0099   548  20.343   1.790         
 0100   548  15.958   1.625         
 0101   548  22.367   0.903         
 0102   548  18.772   2.138         
 0103   548  19.017   1.987         
 0104   548  14.898   2.484         
 0105   548  17.987   1.858         
 0106   548  21.158  -0.871         
 0107   548  18.489   2.377         
 0108   548  20.869   1.384         
 0109   548  16.374   1.491         
 0110   548  19.932   2.175         
 0111   548  16.998   1.666         
 0112   548  21.862   1.294         
 0113   548  22.117   0.716         
 0114   548  19.406   2.498         
 0115   548  21.225   1.313         
 0116   548  19.137   3.768         
 0117   548  18.954   2.227         
 0118   548  16.026   1.557         
 0119   548  17.621   1.737         
 0120   548  19.227   3.613         
 0121   548  19.905   1.877         
 0122   548  20.596   0.278         
 0123   548  18.357   1.827         
 0124   548  20.598   1.188         
 0125   548  16.265   1.793         
 0126   548  20.250   2.348         
 0127   548  19.545   2.353         
 0128   548  18.532   1.755         
 0129   548  19.677   2.180         
 0130   548  19.104   3.252         
 0131   548  17.628   1.810         
 0132   548  17.127   1.982         
 0133   548  19.448   1.980         
 0134   548  19.343   5.897         
 0135   548  22.395   0.231         
 0136   548  20.152   2.442         
 0137   548  22.357   0.131         
 0138   548  19.556   2.077         
 0139   548  23.511  -1.875         
 0140   548  18.213   1.925         
 0141   548  20.847   0.091         
 0142   548  16.509   1.656         
 0143   548  19.306   1.857         
 0144   548  19.189   2.227         
 0145   548  21.666   0.770         
 0146   548  21.862  -0.829         
 0147   548  16.308   2.162         
 0148   548  19.893   1.968         
 0149   548  17.316   1.559         
 0150   548  22.793  -2.661         
 0151   548  17.901   2.315         
 0152   548  19.126   1.990         
 0153   548  16.598   1.765         
 0154   548  18.851   1.913         
 0155   548  20.050   1.756         
 0156   548  15.617   2.774         
 0157   548  21.182   1.405         
 0158   548  21.726  -0.810         
 0159   548  16.283   1.547         
 0160   548  21.099   1.782         
 0161   548  19.852   2.574         
 0162   548  19.687   2.532         
 0163   548  22.235  -1.873         
 0164   548  18.566   1.986         
 0165   548  20.520   2.385         
 0166   548  21.413  -2.244         
 0167   548  21.723  -0.575         
 0168   548  22.302  -1.469         
 0169   548  20.639   1.991         
 0170   548  22.851  -0.796         
 0171   548  22.652  -0.319         
 0172   548  19.307   1.922         
 0173   548  18.598   2.039         
 0174   548  19.073   2.478         
 0175   548  19.202   2.790         
 0176   548  19.528   2.054         
 0177   548  15.803   1.362         
 0178   548  21.607  -0.586         
 0179   548  19.142   1.817         
 0180   548  14.870   2.516         
 0181   548  21.470  -0.591         
 0182   548  19.915   3.241         
 0183   548  20.771   1.162         
 0184   548  20.163   3.257         
 0185   548  18.336   1.957         
 0186   548  22.046  -1.303         
 0187   548  20.375   3.107         
 0188   548  22.149  -0.383         
 0189   548  18.699   1.975         
 0190   548  21.909   0.761         
 0191   548  20.368   1.616         
 0192   548  18.960   2.356         
 0193   548  18.962   3.018         
 0194   548  20.403   1.648         
 0195   548  21.603  -0.896         
 0196   548  15.968   2.148         
 0197   548  22.342   0.649         
 0198   548  14.003   0.778         
 0199   548  18.121   2.046         
 0200   548  21.079   2.084         
 0201   548  21.627  -2.530         
 0202   548  15.395   1.304         
 0203   548  18.566   2.001         
 0204   548  16.223   1.803         
 0205   548  14.356   1.083         
 0206   548  18.125   1.941         
 0207   548  19.494   1.992         
 0208   548  18.070   2.072         
 0209   548  20.150   1.066         
 0210   548  19.306   2.327         
 0211   548  16.860   1.436         
 0212   548  21.436  -0.673         
 0213   548  22.097  -2.088         
 0214   548  18.974   2.942         
 0215   548  14.213   0.827         
 0216   548  21.174  -0.019         
 0217   548  23.885  -2.017         
 0218   548  15.584   1.144         
 0219   548  13.524   0.804         
 0220   548  19.434   2.015         
 0221   548  18.162   3.570         
 0222   548  20.343   2.149         
 0223   548  16.996   1.758         
 0224   548  18.759   1.947         
 0225   548  20.195   0.934         
 0226   548  22.910   1.198         
 0227   548  19.622   2.376         
 0228   548  18.622   2.126         
 0229   548  12.853   2.162         
 0230   548  19.739   2.002         
 0231   548  22.462  -2.334         
 0232   548  21.214  -0.333         
 0233   548  21.121   1.252         
 0234   548  21.573  -0.566         
 0235   548  18.280   3.405         
 0236   548  21.942   0.177         
 0237   548  21.163   0.293         
 0238   548  20.435   0.710         
 0239   548  19.881   2.204         
 0240   548  17.988   1.930         
 0241   548  19.143   1.760         
 0242   548  17.501   1.857         
 0243   548  18.793   2.090         
 0244   548  19.511   2.255         
 0245   548  18.920   1.956         
 0246   548  19.611   2.511         
 0247   548  15.569   1.525         
 0248   548  14.154   1.094         
 0249   548  19.509   2.170         
 0250   548  16.440   1.729         
 0251   548  18.913   2.365         
 0252   548  17.600   1.796         
 0253   548  17.858   2.869         
 0254   548  20.686   1.847         
 0255   548  22.537  -0.337         
 0256   548  18.104   2.183         
 0257   548  17.822   1.766         
 0258   548  19.258   2.056         
 0259   548  22.991  -2.839         
 0260   548  21.291  -0.516         
 0261   548  20.223   1.792         
 0262   548  20.681   2.493         
 0263   548  20.286   1.695         
 0264   548  20.981   2.625         
 0265   548  20.707   2.737         
 0266   548  16.572   1.515         
 0267   548  17.201   1.598         
 0268   548  20.909   0.816         
 0269   548  18.008   1.765         
 0270   548  20.295   1.977         
 0271   548  21.731  -2.392         
 0272   548  22.729  -2.148         
 0273   548  19.871   2.483         
 0274   548  21.262   1.367         
 0275   548  20.352   2.465         
 0276   548  18.444   1.594         
 0277   548  16.518   1.958         
 0278   548  21.236   0.895         
 0279   548  19.840  -0.064         
 0280   548  19.071   1.942         
 0281   548  18.988   1.901         
 0282   548  20.823  -0.011         
 0283   548  22.828  -0.986         
 0284   548  19.018   2.334         
 0285   548  20.668   1.482         
 0286   548  18.779   2.373         
 0287   548  21.677   1.344         
 0288   548  17.806   1.881         
 0289   548  22.491  -1.154         
 0290   548  17.408   1.530         
 0291   548  17.266   1.987         
 0292   548  22.885  -3.183         
 0293   548  17.139   1.676         
 0294   548  18.197   2.567         
 0295   548  18.832   1.945         
 0296   548  15.979   1.465         
 0297   548  17.876   2.255         
 0298   548  19.918   1.988         
 0299   548  18.049   1.691         
 0300   548  22.245   1.450         
 0301   548  17.799   1.926         
 0302   548  19.630   1.825         
 0303   548  18.506   1.833         
 0304   548  21.543  -1.526         
 0305   548  16.652   1.474         
 0306   548  16.574   1.453         
 0307   548  18.984   2.110         
 0308   548  17.237   1.606         
 0309   548  19.265   2.187         
 0310   548  19.815   2.081         
 0311   548  21.674   1.569         
 0312   548  16.579   1.422         
 0313   548  20.175   0.896         
 0314   548  21.384   0.077         
 0315   548  19.338   2.777         
 0316   548  18.895   1.989         
 0317   548  18.354   1.726         
 0318   548  21.113   2.941         
 0319   548  16.902   1.566         
 0320   548  22.794   0.389         
 0321   548  19.916   2.357         
 0322   548  19.701   2.714         
 0323   548  18.167   1.837         
 0324   548  20.392   1.388         
 0325   548  17.964   1.691         
 0326   548  11.761   0.599         
 0327   548  15.811   1.610         
 0328   548  19.109   0.395         
 0329   548  22.608   1.009         
 0330   548  16.498   1.449         
 0331   548  17.328   3.016         
 0332   548  20.034   2.142         
 0333   548  18.590   1.904         
 0334   548  18.343   2.247         
 0335   548  17.427   1.768         
 0336   548  22.217   0.566         
 0337   548  18.302   2.042         
 0338   548  22.322  -0.899         
 0339   548  16.328   1.588         
 0340   548  16.343   1.475         
 0341   548  20.224   3.483         
 0342   548  18.771   3.927         
 0343   548  20.157   1.892         
 0344   548  14.859   1.423         
 0345   548  14.452   1.146         
 0346   548  18.444   2.050         
 0347   548  21.487  -0.534         
 0348   548  18.137   2.001         
 0349   548  20.372   2.144         
 0350   548  19.557   2.181         
 0351   548  17.991   1.787         
 0352   548  21.112   0.027         
 0353   548  21.725   0.667         
 0354   548  14.774   1.125         
 0355   548  19.429   2.117         
 0356   548  19.835   1.967         
 0357   548  19.754   2.324         
 0358   548  17.536   2.120         
 0359   548  16.709   1.403         
 0360   548  23.268  -1.818         
 0361   548  17.297   1.501         
 0362   548  21.545   0.123         
 0363   548  16.387   1.566         
 0364   548  21.967   0.743         
 0365   548  18.439   2.038         
 0366   548  20.002   1.812         
 0367   548  19.898   1.756         
 0368   548  17.188   1.669         
 0369   548  18.139   1.764         
 0370   548  20.081   1.788         
 0371   548  16.518   1.647         
 0372   548  19.903   1.971         
 0373   548  16.442   1.530         
 0374   548  19.450   2.081         
 0375   548  21.300   0.487         
 0376   548  18.943   1.840         
 0377   548  18.268   1.908         
 0378   548  18.083   1.750         
 0379   548  21.694  -1.457         
 0380   548  21.233   1.373         
 0381   548  18.841   2.050         
 0382   548  20.521   2.267         
 0383   548  20.456   1.864         
 0384   548  23.559  -0.186         
 0385   548  16.799   1.368         
 0386   548  20.567   1.821         
 0387   548  17.404   2.220         
 0388   548  19.397   2.098         
 0389   548  15.711   1.424         
 0390   548  18.125   2.123         
 0391   548  18.620   3.045         
 0392   548  21.610  -0.367         
 0393   548  21.159   1.003         
 0394   548  17.110   1.757         
 0395   548  19.539   2.218         
 0396   548  18.975   2.128         
 0397   548  18.549   2.267         
 0398   548  20.251   1.953         
 0399   548  19.930   2.249         
 0400   548  20.885   1.106         
 0401   548  21.509   1.453         
 0402   548  19.523   2.003         
 0403   548  19.365   2.006         
 0404   548  16.378   1.931         
 0405   548  15.987   1.664         
 0406   548  18.173   1.755         
 0407   548  20.682   0.968         
 0408   548  21.828  -0.521         
 0409   548  19.735   3.145         
 0410   548  20.101   1.921         
 0411   548  18.249   1.907         
 0412   548  18.833   1.756         
 0413   548  17.663   1.641         
 0414   548  21.919  -0.105         
 0415   548  17.790   1.887         
 0416   548  19.795   2.567         
 0417   548  21.421   2.474         
 0418   548  18.943   1.973         
 0419   548  18.356   1.974         
 0420   548  16.736   2.117         
 0421   548  16.919   1.933         
 0422   548  19.398   2.032         
 0423   548  23.013  -3.163         
 0424   548  18.770   2.486         
 0425   548  16.447   1.343         
 0426   548  15.912   1.507         
 0427   548  22.531  -1.835         
 0428   548  17.098   1.488         
 0429   548  21.004   1.968         
 0430   548  20.584   3.049         
 0431   548  17.512   1.659         
 0432   548  20.168   1.323         
 0433   548  19.314   2.341         
 0434   548  22.859   0.143         
 0435   548  21.871   0.458         
 0436   548  20.904   2.158         
 0437   548  17.667   1.547         
 0438   548  21.068   1.965         
 0439   548  18.394   2.282         
 0440   548  17.844   2.003         
 0441   548  19.559   2.033         
 0442   548  19.587   1.990         
 0443   548  18.366   1.951         
 0444   548  20.044   1.519         
 0445   548  20.334   1.754         
 0446   548  18.382   1.872         
 0447   548  19.069   1.859         
 0448   548  16.477   1.253         
 0449   548  19.466   2.014         
 0450   548  16.471   1.614         
 0451   548  22.772   0.133         
 0452   548  18.696   1.862         
 0453   548  20.948   0.401         
 0454   548  19.663   2.273         
 0455   548  19.610   2.201         
 0456   548  20.238   1.562         
 0457   548  17.716   1.542         
 0458   548  22.340  -0.387         
 0459   548  23.052  -2.351         
 0460   548  22.322  -1.935         
 0461   548  20.647   2.478         
 0462   548  21.294   1.378         
 0463   548  19.981   3.064         
 0464   548  19.463   2.212         
 0465   548  20.084   2.570         
 0466   548  15.575   3.510         
 0467   548  16.693   1.632         
 0468   548  20.090   2.224         
 0469   548  20.264  -0.101         
 0470   548  21.011   1.020         
 0471   548  16.657   2.045         
 0472   548  21.697  -0.143         
 0473   548  17.738   1.591         
 0474   548  18.317   1.723         
 0475   548  19.752   1.893         
 0476   548  18.520   2.200         
 0477   548  21.142   1.343         
 0478   548  18.692   2.079         
 0479   548  17.648   1.956         
 0480   548  18.206   1.923         
 0481   548  19.889   2.761         
 0482   548  21.187   1.930         
 0483   548  19.677   2.200         
 0484   548  20.163   1.711         
 0485   548  19.498   2.296         
 0486   548  18.973   1.805         
 0487   548  21.088   2.958         
 0488   548  19.419   2.529         
 0489   548  16.598   1.819         
 0490   548  21.016   0.432         
 0491   548  19.968   1.636         
 0492   548  22.015   2.027         
 0493   548  17.821   2.015         
 0494   548  19.450   2.560         
 0495   548  17.355   1.831         
 0496   548  21.344   1.634         
 0497   548  18.334   1.896         
 0498   548  21.230   1.481         
 0499   548  22.529  -0.446         
 0500   548  17.431   1.611         
 0501   548  20.959   0.949         
 0502   548  22.361   1.001         
 0503   548  18.481   1.491         
 0504   548  18.075   1.663         
 0505   548  15.991   2.611         
 0506   548  18.730   1.705         
 0507   548  19.892   2.025         
 0508   548  20.662   2.278         
 0509   548  22.626  -0.809         
 0510   548  22.354  -1.183         
 0511   548  19.154   2.080         
 0512   548  18.297   1.801         
 0513   548  19.639   1.975         
 0514   548  17.470   1.652         
 0515   548  19.036   2.134         
 0516   548  20.987   0.419         
 0517   548  21.520   0.037         
 0518   548  19.139   1.629         
 0519   548  19.831   2.434         
 0520   548  19.215   2.380         
 0521   548  21.539  -0.370         
 0522   548  20.858   2.172         
 0523   548  14.333   1.201         
 0524   548  20.238   1.834         
 0525   548  20.834  -0.350         
 0526   548  18.453   1.839         
 0527   548  17.788   1.555         
 0528   548  18.581   1.759         
 0529   548  21.405   1.309         
 0530   548  17.594   1.663         
 0531   548  20.078   2.587         
 0532   548  18.426   1.900         
 0533   548  20.808   2.188         
 0534   548  20.767  -0.416         
 0535   548  20.578   3.580         
 0536   548  20.319   2.981         
 0537   548  20.837   0.817         
 0538   548  18.405   1.832         
 0539   548  20.802   1.805         
 0540   548  19.858   1.186         
 0541   548  21.717  -0.541         
 0542   548  19.702   1.344         
 0543   548  18.220   1.810         
 0544   548  18.180   1.981         
 0545   548  15.019   1.133         
 0546   548  12.290   0.428         
 0547   548  17.775   1.828         
 0548   548  19.461   2.758         
 0549   548  18.415   1.818         
 0550   548  16.739   1.533         
 0551   548  20.300   2.164         
 0552   548  19.362   2.353         
 0553   548  17.904   1.786         
 0554   548  19.199   0.395         
 0555   548  18.766   1.865         
 0556   548  21.159   1.631         
 0557   548  20.459   2.025         
 0558   548  21.922  -1.057         
 0559   548  23.073  -2.320         
 0560   548  20.490   2.108         
 0561   548  21.735   1.832         
 0562   548  18.083   1.768         
 0563   548  16.917   1.371         
 0564   548  18.038   1.789         
 0565   548  23.113  -1.457         
 0566   548  18.019   1.608         
 0567   548  18.737   2.213         
 0568   548  17.421   1.302         
 0569   548  21.962   0.669         
 0570   548  18.854   1.926         
 0571   548  20.594   1.776         
 0572   548  19.061   1.909         
 0573   548  19.755   2.139         
 0574   548  17.838   1.775         
 0575   548  22.668  -0.601         
 0576   548  17.889   1.611         
 0577   548  19.749   0.467         
 0578   548  20.365   1.433         
 0579   548  19.723   1.665         
 0580   548  14.868   1.355         
 0581   548  19.453   1.755         
 0582   548  21.212   2.739         
 0583   548  21.058   2.371         
 0584   548  19.641   2.014         
 0585   548  14.954   3.257         
 0586   548  15.099   1.179         
 0587   548  20.271   2.089         
 0588   548  19.359   1.974         
 0589   548  21.567   0.648         
 0590   548  20.363   2.945         
 0591   548  19.404   1.915         
 0592   548  18.863   1.963         
 0593   548  16.776   1.519         
 0594   548  18.348   2.003         
 0595   548  19.921   2.221         
 0596   548  18.446   4.174         
 0597   548  19.203   1.815         
 0598   548  19.877   2.261         
 0599   548  18.334   1.866         
 0600   548  20.617   1.375         
 0601   548  18.031   3.283         
 0602   548  17.021   1.886         
 0603   548  17.293   1.701         
 0604   548  20.925   0.504         
 0605   548  21.217   1.306         
 0606   548  22.627  -0.444         
 0607   548  18.194   2.087         
 0608   548  17.368   1.528         
 0609   548  21.299   0.021         
 0610   548  20.967   1.777         
 0611   548  20.176   1.663         
 0612   548  18.343   1.990         
 0613   548  19.650   2.486         
 0614   548  22.752   1.340         
 0615   548  19.094   1.745         
 0616   548  16.873   1.909         
 0617   548  20.047   1.803         
 0618   548  20.407   1.726         
 0619   548  19.212   1.980         
 0620   548  21.859  -0.530         
 0621   548  19.047   1.682         
 0622   548  20.750   0.697         
 0623   548  16.480   1.942         
 0624   548  23.041   1.108         
 0625   548  20.057   2.421         
 0626   548  20.093   1.708         
 0627   548  18.906   1.746         
 0628   548  21.138   1.166         
 0629   548  19.712   2.094         
 0630   548  19.508   2.452         
 0631   548  19.714   2.273         
 0632   548  15.235   3.211         
 0633   548  19.199   1.938         
 0634   548  18.086   1.932         
 0635   548  20.692   1.079         
 0636   548  16.450   1.308         
 0637   548  22.116   1.099         
 0638   548  17.581   1.608         
 0639   548  14.928   1.150         
 0640   548  19.083   2.231         
 0641   548  18.707   1.834         
 0642   548  22.089   0.820         
 0643   548  16.446   1.924         
 0644   548  16.916   2.736         
 0645   548  17.721   1.985         
 0646   548  18.565   1.930         
 0647   548  19.060   2.270         
 0648   548  18.986   2.232         
 0649   548  19.250   1.616         
 0650   548  18.381   2.293         
 0651   548  18.746   1.738         
 0652   548  22.197  -0.606         
 0653   548  14.011   2.652         
 0654   548  18.769   2.270         
 0655   548  18.439   2.008         
 0656   548  23.090  -0.216         
 0657   548  21.902   0.349         
 0658   548  19.195   2.004         
 0659   548  18.800   2.119         
 0660   548  20.211   2.054         
 0661   548  17.166   1.919         
 0662   548  20.498   2.091         
 0663   548  20.342   1.986         
 0664   548  18.398   1.920         
 0665   548  22.445  -1.857         
 0666   548  18.387   1.935         
 0667   548  18.503   1.998         
 0668   548  20.289   1.528         
 0669   548  18.957   1.932         
 0670   548  17.471   3.049         
 0671   548  18.633   1.698         
 0672   548  19.296   1.728         
 0673   548  18.282   1.977         
 0674   548  20.561   2.248         
 0675   548  20.974   1.829         
 0676   548  21.897  -0.407         
 0677   548  20.289   2.122         
 0678   548  21.125   1.754         
 0679   548  16.283   1.324         
 0680   548  18.526   1.965         
 0681   548  15.248   3.755         
 0682   548  15.868   1.154         
 0683   548  20.150   3.098         
 0684   548  16.996   1.944         
 0685   548  19.542   1.918         
 0686   548  18.923   2.188         
 0687   548  19.407   1.175         
 0688   548  19.987   2.585         
 0689   548  20.558   1.299         
 0690   548  17.253   2.001         
 0691   548  15.983   1.265         
 0692   548  19.596   1.048         
 0693   548  19.356   2.060         
 0694   548  18.979   1.853         
 0695   548  20.235   1.436         
 0696   548  19.674   1.696         
 0697   548  16.787   1.964         
 0698   548  21.280  -0.051         
 0699   548  19.736   2.568         
 0700   548  18.296   1.902         
 0701   548  18.129   1.898         
 0702   548  19.920   2.088         
 0703   548  18.869   1.666         
 0704   548  18.281   2.037         
 0705   548  19.527   2.154         
 0706   548  17.990   1.904         
 0707   548  20.841  -0.132         
 0708   548  12.684   0.814         
 0709   548  17.249   1.964         
 0710   548  18.969   1.992         
 0711   548  17.111   2.035         
 0712   548  19.375   1.930         
 0713   548  18.814   2.004         
 0714   548  14.876   1.114         
 0715   548  20.783   2.561         
 0716   548  17.052   2.085         
 0717   548  18.721   2.071         
 0718   548  15.158   1.408         
 0719   548  18.803   2.519         
 0720   548  18.773   1.938         
 0721   548  19.574   3.588         
 0722   548  21.542   0.209         
 0723   548  19.978   3.340         
 0724   548  21.734   0.809         
 0725   548  20.063   2.086         
 0726   548  20.720   1.780         
 0727   548  18.883   2.025         
 0728   548  18.308   1.787         
 0729   548  21.798  -0.431         
 0730   548  16.369   1.537         
 0731   548  17.878   3.542         
 0732   548  18.745   1.792         
 0733   548  17.848   1.975         
 0734   548  19.663   2.023         
 0735   548  22.565  -2.056         
 0736   548  19.345   2.150         
 0737   548  20.306  -1.617         
 0738   548  19.712   1.927         
 0739   548  19.801   2.256         
 0740   548  18.055   1.714         
 0741   548  18.819   2.061         
 0742   548  14.808   0.985         
 0743   548  18.343   1.985         
 0744   548  16.595   1.951         
 0745   548  21.233   0.773         
 0746   548  18.204   1.568         
 0747   548  17.762   2.241         
 0748   548  18.469   1.630         
 0749   548  12.755   0.644         
 0750   548  18.819  -0.501         
 0751   548  20.296   1.617         
 0752   548  17.947   1.786         
 0753   548  19.417   2.485         
 0754   548  19.969   2.278         
 0755   548  20.082   1.651         
 0756   548  18.653   1.828         
 0757   548  17.350   1.817         
 0758   548  17.490   2.795         
 0759   548  19.317   2.601         
 0760   548  20.113   1.963         
 0761   548  18.718   1.839         
 0762   548  20.369   1.918         
 0763   548  20.397   0.632         
 0764   548  17.326   1.837         
 0765   548  20.991   1.899         
 0766   548  16.014   1.182         
 0767   548  19.469   2.001         
 0768   548  20.627   1.988         
 0769   548  19.549   1.904         
 0770   548  20.413   2.284         
 0771   548  18.213   1.713         
 0772   548  16.753   2.711         
 0773   548  19.187   2.042         
 0774   548  18.615   1.999         
 0775   548  19.539   1.923         
 0776   548  21.787   0.299         
 0777   548  17.347   3.194         
 0778   548  18.890   1.851         
 0779   548  19.717   2.415         
 0780   548  17.358   1.850         
 0781   548  18.524   1.952         
 0782   548  19.962   2.518         
 0783   548  18.634   2.136         
 0784   548  20.733   1.525         
 0785   548  17.498   1.886         
 0786   548  13.531   4.228         
 0787   548  18.315   1.815         
 0788   548  16.360   2.857         
 0789   548  20.964   1.875         
 0790   548  19.247   2.324         
 0791   548  19.939   2.603         
 0792   548  19.262   1.994         
 0793   548  18.287   1.956         
 0794   548  20.669  -0.682         
 0795   548  20.186   3.002         
 0796   548  19.300   2.418         
 0797   548  17.913   1.950         
 0798   548  16.578   1.375         
 0799   548  17.203   1.626         
 0800   548  20.686   0.851         
 0801   548  23.225  -1.358         
 0802   548  17.174   1.789         
 0803   548  17.109   1.668         
 0804   548  21.357   1.373         
 0805   548  21.918   0.076         
 0806   548  20.441   2.038         
 0807   548  17.456   1.520         
 0808   548  14.701   2.478         
 0809   548  20.804   1.686         
 0810   548  18.349   2.081         
 0811   548  19.349   2.240         
 0812   548  14.854   2.620         
 0813   548  19.235   2.423         
 0814   548  19.767   0.747         
 0815   548  19.788   1.833         
 0816   548  16.857   2.097         
 0817   548  19.195   2.187         
 0818   548  16.943   1.677         
 0819   548  17.671   1.516         
 0820   548  21.994  -0.576         
 0821   548  21.533   1.389         
 0822   548  19.069   1.919         
 0823   548  17.013   1.466         
 0824   548  22.961  -0.742         
 0825   548  19.407   2.142         
 0826   548  22.029   1.239         
 0827   548  19.175   2.301         
 0828   548  20.645   2.703         
 0829   548  15.911   1.594         
 0830   548  17.454   1.829         
 0831   548  18.726   1.908         
 0832   548  21.060   2.828         
 0833   548  20.071   1.999         
 0834   548  20.259   1.833         
 0835   548  18.069   1.527         
 0836   548  21.283   2.613         
 0837   548  20.254  -0.436         
 0838   548  21.004   1.196         
 0839   548  19.115   1.851         
 0840   548  20.770   1.679         
 0841   548  21.740   1.695         
 0842   548  19.900   1.902         
 0843   548  19.290   2.061         
 0844   548  19.736   2.027         
 0845   548  20.817   2.197         
 0846   548  23.563   0.334         
 0847   548  20.011   2.868         
 0848   548  19.803   1.705         
 0849   548  22.841  -1.498         
 0850   548  19.513   2.213         
 0851   548  18.729   2.122         
 0852   548  21.099  -1.392         
 0853   548  16.811   1.567         
 0854   548  16.684   1.514         
 0855   548  19.110   1.796         
 0856   548  21.587   0.371         
 0857   548  19.563   1.718         
 0858   548  22.541  -1.194         
 0859   548  21.005   2.393         
 0860   548  17.040   2.221         
 0861   548  22.195  -0.267         
 0862   548  17.930   1.681         
 0863   548  20.692   1.600         
 0864   548  16.395   1.418         
 0865   548  18.550   2.130         
 0866   548  20.576   1.946         
 0867   548  20.743   1.680         
 0868   548  20.409   3.038         
 0869   548  18.250   2.037         
 0870   548  18.137   1.743         
 0871   548  20.467   1.317         
 0872   548  19.075   1.887         
 0873   548  20.793   1.050         
 0874   548  21.128  -0.017         
 0875   548  19.613   1.862         
 0876   548  20.817  -0.986         
 0877   548  20.211   3.227         
 0878   548  19.829   1.816         
 0879   548  20.857   1.783         
 0880   548  20.305   1.083         
 0881   548  19.417   2.588         
 0882   548  19.948   1.846         
 0883   548  20.308   1.789         
 0884   548  19.033   1.712         
 0885   548  15.705   1.344         
 0886   548  19.324   1.824         
 0887   548  15.939   1.248         
 0888   548  20.119   2.345         
 0889   548  19.405   2.225         
 0890   548  17.958   1.542         
 0891   548  21.527   1.488         
 0892   548  19.970   2.092         
 0893   548  19.512   2.301         
 0894   548  20.931   0.163         
 0895   548  18.684   1.876         
 0896   548  17.092   1.908         
 0897   548  21.345   0.294         
 0898   548  21.888   0.276         
 0899   548  19.063   2.604         
 0900   548  19.387   1.922         
 0901   548  17.499   1.925         
 0902   548  20.042   1.966         
 0903   548  16.113   3.114         
 0904   548  19.632   2.592         
 0905   548  16.990   1.449         
 0906   548  19.733   2.033         
 0907   548  17.161   1.654         
 0908   548  20.058   0.499         
 0909   548  21.163   3.381         
 0910   548  18.947   1.719         
 0911   548  18.200   1.955         
 0912   548  18.874   2.004         
 0913   548  21.424  -1.189         
 0914   548  19.174   2.309         
 0915   548  18.570   1.789         
 0916   548  13.300   0.753         
 0917   548  17.899   1.717         
 0918   548  17.395   1.516         
 0919   548  18.044   1.792         
 0920   548  19.727   1.912         
 0921   548  14.695   1.397         
 0922   548  19.477   2.394         
 0923   548  21.614   0.828         
 0924   548  20.030   3.576         
 0925   548  21.409  -0.314         
 0926   548  20.415   2.799         
 0927   548  20.548   1.665         
 0928   548  18.794   2.112         
 0929   548  18.466   1.930         
 0930   548  18.528   1.977         
 0931   548  17.548   1.915         
 0932   548  18.723   1.826         
 0933   548  22.307  -0.629         
 0934   548  20.649   1.446         
 0935   548  19.336   1.750         
 0936   548  19.968   3.000         
 0937   548  19.379   2.235         
 0938   548  19.013   1.859         
 0939   548  20.480   2.372         
 0940   548  17.792   1.634         
 0941   548  14.361   0.858         
 0942   548  20.923   2.362         
 0943   548  20.858   1.751         
 0944   548  20.375   2.126         
 0945   548  19.086   2.191         
 0946   548  19.009   2.609         
 0947   548  20.544   2.111         
 0948   548  19.970   1.990         
 0949   548  22.030   0.163         
 0950   548  23.428  -0.351         
 0951   548  17.466   1.634         
 0952   548  14.367   0.783         
 0953   548  21.464   0.700         
 0954   548  20.838  -0.427         
 0955   548  17.604   1.620         
 0956   548  21.060   1.729         
 0957   548  17.910   1.935         
 0958   548  16.649   1.405         
 0959   548  20.901   0.646         
 0960   548  20.916   2.059         
 0961   548  19.401   1.779         
 0962   548  18.789   0.982         
 0963   548  20.895   1.336         
 0964   548  15.407   1.019         
 0965   548  20.210   1.960         
 0966   548  18.926   2.079         
 0967   548  19.482   1.698         
 0968   548  19.907   2.138         
 0969   548  17.986   1.538         
 0970   548  20.849   2.905         
 0971   548  17.895   1.839         
 0972   548  19.124   2.524         
 0973   548  22.310  -0.680         
 0974   548  19.092   1.920         
 0975   548  18.074   1.629         
 0976   548  17.647   1.849         
 0977   548  19.949   2.405         
 0978   548  20.974   1.569         
 0979   548  18.404   2.215         
 0980   548  20.527   1.837         
 0981   548  20.351   1.337         
 0982   548  22.370  -1.871         
 0983   548  15.790   1.075         
 0984   548  17.387   1.743         
 0985   548  21.563  -1.750         
 0986   548  16.925   2.616         
 0987   548  20.130   1.737         
 0988   548  22.275   0.054         
 0989   548  21.083   1.216         
 0990   548  18.698   1.825         
 0991   548  19.875   1.544         
 0992   548  17.606   1.595         
 0993   548  23.994   0.854         
 0994   548  22.808   1.884         
 0995   548  20.599   1.100         
 0996   548  19.851   1.790         
 0997   548  21.083   1.802         
 0998   548  20.479   2.240         
 0999   548  17.558   0.769         
 1000   548  19.145   1.943         
 1001   548  18.208   2.582         
 1002   548  17.571   0.787         
 1003   548  18.635   1.820         
 1004   548  13.762   0.937         
 1005   548  17.393   1.734         
 1006   548  16.999   1.261         
 1007   548  17.823   1.825         
 1008   548  21.341   2.233         
 1009   548  18.561   1.782         
 1010   548  16.328   1.266         
 1011   548  16.561   1.309         
 1012   548  22.051   0.033         
 1013   548  17.484   0.548         
 1014   548  17.149   1.284         
 1015   548  16.769   1.128         
 1016   548  16.977   1.048         
 1017   548  17.471   1.615         
 1018   548  16.750   1.382         
 1019   548  17.162   2.027         
 1020   548  18.890   2.011         
 1021   548  16.884   1.137         
 1022   548  17.170   1.112         
 1023   548  16.432   1.175         
 1024   548  16.426   0.982         
 1025   548  16.413   1.269         
 1026   548  19.509   1.928         
 1027   548  16.556   0.902         
 1028   548  20.760   2.104         
 1029   548  18.432   3.013         
 1030   548  19.089   2.057         
 1031   548  16.394   1.094         
 1032   548  20.617   3.116         
 1033   548  20.660   2.048         
 1034   548  17.200   0.546         
 1035   548  16.318   0.828         
 1036   548  16.781   0.972         
 1037   548  16.002   1.000         
 1038   548  16.331   1.184         
 1039   548  15.971   0.988         
 1040   548  17.015   0.857         
 1041   548  15.867   1.061         
 1042   548  17.250   1.559         
 1043   548  15.916   1.051         
 1044   548  16.187   0.543         
 1045   548  20.795   1.497         
 1046   548  16.780   1.076         
 1047   548  16.443   0.464         
 1048   548  16.521   0.715         
 1049   548  18.672   1.717         
 1050   548  15.714   0.878         
 1051   548  15.595   0.955         
 1052   548  16.022   0.924         
 1053   548  15.597   0.887         
 1054   548  16.036   1.118         
 1055   548  15.721   0.882         
 1056   548  16.792   0.839         
 1057   548  18.312   1.821         
 1058   548  17.200   0.701         
 1059   548  21.840   3.156         
 1060   548  20.352   1.161         
 1061   548  15.719   0.462         
 1062   548  15.474   0.862         
 1063   548  16.285   1.120         
 1064   548  15.251   0.963         
 1065   548  15.481   0.953         
 1066   548  16.154   0.819         
 1067   548  15.203   0.783         
 1068   548  16.269   0.759         
 1069   548  15.790   0.806         
 1070   548  19.107   2.158         
 1071   548  17.826   1.529         
 1072   548  16.633   0.286         
 1073   548  17.035   0.962         
 1074   548  21.355   2.498         
 1075   548  15.409   0.775         
 1076   548  15.478   0.822         
 1077   548  18.321   0.242         
 1078   548  10.971   0.518         
 1079   548  15.005   0.612         
 1080   548  15.896   1.035         
 1081   548  14.856   0.623         
 1082   548  14.703   0.801         
 1083   548  16.559   0.902         
 1084   548  14.873   0.743         
 1085   548  20.209   2.220         
 1086   548  15.909   0.926         
 1087   548  18.277   1.849         
 1088   548  15.501   0.734         
 1089   548  15.049   0.548         
 1090   548  16.229   0.216         
 1091   548  14.520   0.818         
 1092   548  14.547   0.732         
 1093   548  20.286   1.471         
 1094   548  16.642   1.385         
 1095   548  15.017   0.490         
 1096   548  16.680   1.973         
 1097   548  14.382   1.138         
 1098   548  15.571   0.802         
 1099   548  17.102   1.012         
 1100   548  15.690   1.015         
 1101   548  15.943   0.922         
 1102   548  20.047   1.757         
 1103   548  16.353   1.029         
 1104   548  14.604   0.435         
 1105   548  21.644  -0.244         
 1106   548  14.429  -0.121         
 1107   548  14.533   0.424         
 1108   548  17.144   2.761         
 1109   548  13.928   0.792         
 1110   548  17.882   0.421         
 1111   548  15.638   0.616         
 1112   548  18.444   1.543         
 1113   548  15.174   0.420         
 1114   548  14.532   1.588         
 1115   548  14.828   0.214         
 1116   548  17.906   1.617         
 1117   548  15.643   0.782         
 1118   548  18.479   2.264         
 1119   548  15.304   0.945         
 1120   548  21.029   1.213         
 1121   548  14.322   0.463         
 1122   548  20.796  -0.276         
 1123   548  17.250   0.791         
 1124   548  20.212   2.204         
 1125   548  15.923   0.653         
 1126   548  17.006   0.869         
 1127   548  12.872   0.336         
 1128   548  13.523   0.565         
 1129   548  13.348  -0.409         
 1130   548  16.880   1.115         
 1131   548  18.001   1.678         
 1132   548  18.900   2.536         
 1133   548  15.028   0.075         
 1134   548  15.764   0.222         
 1135   548  19.344   1.998         
 1136   548  16.602   1.614         
 1137   548  18.407   1.832         
 1138   548  21.772  -0.436         
 1139   548  19.918   2.279         
 1140   548  17.423   0.863         
 1141   548  16.296   0.715         
 1142   548  19.062   1.980         
 1143   548  21.083  -0.876         
 1144   548  20.049   2.160         
 1145   548  19.480   1.518         
 1146   548  19.571   2.205         
 1147   548  22.581  -0.433         
 1148   548   9.580  -0.261         
 1149   548  13.443   1.190         
 1150   548  10.359  -0.485         
 1151   548  20.807   1.846         
 1152   548  14.613   1.075         
 1153   548  18.761   3.536         
 1154   548  15.879   1.821         
 1155   548  16.373   1.291         
 1156   548   9.163  -0.317         
 1157   548   9.199  -0.222         
 1158   548  13.929  -2.358         
 1159   548  15.437  -1.063         
 1160   548  20.043   3.393         
 1161   548  13.223  -0.635         
 1162   548  20.388   1.758         
 1163   548  18.223   2.989         
 1164   548  20.117   2.898         
 1165   548  17.024  -0.058         
 1166   548  18.418   1.699         
 1167   548  16.263   0.341         
 1168   548  15.244   0.402         
 1169   548  14.637  -1.299         
 1170   548  14.979  -0.539         
 1171   548  15.120  -0.347         
 1172   548  15.983   0.770         
 1173   548  13.881   0.614         
 1174   548  15.642   0.166         
 1175   548  14.730   0.652         
 1176   548  18.375   1.957         
 1177   548  13.779   0.367         
 1178   548  13.652   0.688         
 1179   548  16.410   0.903         
 1180   548  15.091   0.785         
 1181   548  16.708   0.706         
 1182   548  16.238   0.777         
 1183   548  14.231   0.252         
 1184   548  15.631   0.671         
 1185   548  15.929   1.343         
 1186   548  19.483   1.851         
 1187   548  19.547   1.510         
 1188   548  17.280   1.002         
 1189   548  15.304   0.565         
 1190   548  14.409   0.659         
 1191   548  14.463   0.718         
 1192   548  15.065   0.522         
 1193   548  18.483   1.778         
 1194   548  14.369   0.521         
 1195   548  16.244   0.558         
 1196   548  14.392   0.869         
 1197   548  14.985   0.389         
 1198   548  15.125   0.817         
 1199   548  20.830   2.038         
 1200   548  16.242   1.183         
 1201   548  15.628   0.619         
 1202   548  15.801   0.583         
 1203   548  14.863   0.561         
 1204   548  16.264   1.129         
 1205   548  13.870   1.005         
 1206   548  14.866   0.176         
 1207   548  14.665   0.510         
 1208   548  20.496   2.948         
 1209   548  18.313   2.189         
 1210   548  18.685   1.782         
 1211   548  14.746   0.668         
 1212   548  16.117   1.271         
 1213   548  15.570   0.207         
 1214   548  15.250   1.095         
 1215   548  15.797   0.368         
 1216   548  17.112   0.091         
 1217   548  19.654   2.162         
 1218   548  15.248   0.989         
 1219   548  15.988   0.375         
 1220   548  15.645   0.437         
 1221   548  18.914   1.752         
 1222   548  15.552   0.320         
 1223   548  15.393   0.732         
 1224   548  15.224   0.800         
 1225   548  16.310   1.345         
 1226   548  15.815   1.165         
 1227   548  18.834   2.173         
 1228   548  15.917   1.063         
 1229   548  16.516   0.195         
 1230   548  15.653   0.616         
 1231   548  18.635   1.966         
 1232   548  15.804   0.431         
 1233   548  16.080  -0.050         
 1234   548  15.463   0.800         
 1235   548  20.340   1.165         
 1236   548  21.044   2.476         
 1237   548  15.880   1.866         
 1238   548  16.458   0.774         
 1239   548  17.787   1.619         
 1240   548  16.005   0.778         
 1241   548  18.802   1.799         
 1242   548  16.695   0.829         
 1243   548  20.802   0.490         
 1244   548  19.371   2.751         
 1245   548  16.292   0.436         
 1246   548  16.586   0.744         
 1247   548  16.418   0.820         
 1248   548  21.526   0.807         
 1249   548  16.588   0.849         
 1250   548  18.971   2.358         
 1251   548  16.550   1.712         
 1252   548  20.156   2.391         
 1253   548  19.083   1.885         
 1254   548  20.721   1.414         
 1255   548  20.876   1.119         
 1256   548  16.822   0.330         
 1257   548  19.904   2.190         
 1258   548  20.371   2.153         
 1259   548  18.639   1.867         
 1260   548  17.212   0.544         
 1261   548  20.033   2.550         
 1262   548  18.720   2.093         
 1263   548  16.024   1.799         
 1264   548  18.526   1.983         
 1265   548  23.461  -3.396         
 1266   548  19.580   1.796         
 1267   548  19.204   1.782         
 1268   548  18.935   0.537         
 1269   548  17.461   0.073         
 1270   548  20.142   2.465         
 1271   548  20.047   0.375         
 1272   548  18.637   1.735         
 1273   548  16.920   1.322         
 1274   548  21.406  -0.474         
 1275   548  20.088   2.840         
 1276   548  19.564   1.531         
 1277   548  16.694   0.933         
 1278   548  20.489   2.431         
 1279   548  16.265   2.842         
 1280   548  19.190   2.636         
 1281   548  18.113   1.953         
 1282   548  20.572   0.156         
 1283   548  18.183   0.463         
 1284   548  18.610   1.941         
 1285   548  18.259   2.975         
 1286   548  17.884   1.643         
 1287   548  20.421   1.150         
 1288   548  18.186   1.697         
 1289   548  15.548   3.375         
 1290   548  19.012   1.996         
 1291   548  18.514  -1.181         
 1292   548  20.873   1.962         
 1293   548  19.106   2.001         
 1294   548  18.258   1.978         
 1295   548  14.557   0.917         
 1296   548  19.523   1.989         
 1297   548  21.305   3.161         
 1298   548  18.603  -1.148         
 1299   548  17.042   1.365         
 1300   548  18.972   1.812         
 1301   548  22.129  -0.486         
 1302   548  19.885   2.438         
 1303   548  22.596  -0.757         
 1304   548  19.526   1.716         
 1305   548  19.946   1.269         
 1306   548  20.068   2.386         
 1307   548  19.027   2.238         
 1308   548  17.472   1.651         
 1309   548  16.723   1.336         
 1310   548  21.380  -1.497         
 1311   548  18.051   1.838         
 1312   548  19.256   3.399         
 1313   548  18.877  -1.298         
 1314   548  19.364   1.528         
 1315   548  17.534   1.458         
 1316   548  17.201   1.475         
 1317   548  19.353   1.892         
 1318   548  18.442   2.077         
 1319   548  20.544   0.913         
 1320   548  20.404   1.486         
 1321   548  19.083   1.788         
 1322   548  20.949   1.183         
 1323   548  19.512   1.653         
 1324   548  16.178   1.240         
 1325   548  20.719   2.689         
 1326   548  19.782   1.096         
 1327   548  19.978   1.826         
 1328   548  20.521   1.223         
 1329   548  18.634  -1.086         
 1330   548  20.079   1.785         
 1331   548  20.993   1.855         
 1332   548  20.110   1.945         
 1333   548  19.476   1.095         
 1334   548  21.828  -1.545         
 1335   548  20.977   2.015         
 1336   548  19.169   1.787         
 1337   548  19.488   1.080         
 1338   548  16.769   2.601         
 1339   548  20.337   1.715         
 1340   548  15.271   3.317         
 1341   548  19.098   2.217         
 1342   548  18.409   1.470         
 1343   548  16.459   1.687         
 1344   548  18.025   1.713         
 1345   548  20.017   1.603         
 1346   548  18.304   1.964         
 1347   548  19.151   2.236         
 1348   548  18.957   0.686         
 1349   548  16.692   1.522         
 1350   548  18.975   0.549         
 1351   548  16.018   1.571         
 1352   548  17.893  -0.186         
 1353   548  20.413   2.567         
 1354   548  18.271   2.021         
 1355   548  21.460   0.804         
 1356   548  19.194   1.938         
 1357   548  19.639   1.672         
 1358   548  19.499   1.672         
 1359   548  19.941  -0.081         
 1360   548  19.802   1.946         
 1361   548  15.236   0.964         
 1362   548  15.278   0.962         
 1363   548  13.303   0.824         
 1364   548  20.038   2.496         
 1365   548  20.070  -1.765         
 1366   548  18.560   2.368         
 1367   548  19.717   1.890         
 1368   548  19.315   2.067         
 1369   548  18.589   2.023         
 1370   548  20.379   1.862         
 1371   548  19.677   0.691         
 1372   548  17.779   1.430         
 1373   548  19.431  -1.309         
 1374   548  18.908   1.743         
 1375   548  18.312   1.755         
 1376   548  17.417   1.506         
 1377   548  20.601   1.412         
 1378   548  21.444   1.089         
 1379   548  21.000   1.575         
 1380   548  18.802   1.888         
 1381   548  17.939   0.224         
 1382   548  18.441   1.310         
 1383   548  19.337   2.827         
 1384   548  23.060  -1.807         
 1385   548  20.223   1.627         
 1386   548  19.976   2.636         
 1387   548  16.755   1.393         
 1388   548  18.578   2.044         
 1389   548  19.134  -1.046         
 1390   548  17.724   1.537         
 1391   548  20.890   0.738         
 1392   548  17.738   0.318         
 1393   548  21.594   1.155         
 1394   548  17.821   0.627         
 1395   548  19.769   1.577         
 1396   548  18.611   2.051         
 1397   548  19.901   2.586         
 1398   548  22.082   0.690         
 1399   548  17.453   0.253         
 1400   548  19.215   1.318         
 1401   548  20.732   1.847         
 1402   548  18.726   3.460         
 1403   548  19.093   0.955         
 1404   548  16.719   0.290         
 1405   548  17.173   0.452         
 1406   548  17.069  -0.295         
 1407   548  19.012  -0.829         
 1408   548  16.861  -0.200         
 1409   548  20.491  -0.788         
 1410   548  16.988  -0.146         
 1411   548  17.547  -0.736         
 1412   548  16.912   0.154         
 1413   548  16.728  -0.281         
 1414   548  20.024  -0.120         
 1415   548  18.654   1.658         
 1416   548  19.426   1.859         
 1417   548  16.663   0.031         
 1418   548  19.241   1.831         
 1419   548  20.247   3.383         
 1420   548  16.901   0.223         
 1421   548  18.825   1.867         
 1422   548  16.541   0.323         
 1423   548  20.974   1.384         
 1424   548  16.784   0.482         
 1425   548  19.145  -0.854         
 1426   548  20.053   2.060         
 1427   548  20.051   2.487         
 1428   548  17.506  -0.739         
 1429   548  14.595   1.408         
 1430   548  17.081   0.174         
 1431   548  18.412   2.513         
 1432   548  18.017  -0.948         
 1433   548  18.851   1.606         
 1434   548  18.042   1.922         
 1435   548  17.968   1.591         
 1436   548  17.542   1.695         
 1437   548  16.742   0.214         
 1438   548  16.737  -0.400         
 1439   548  20.283   2.334         
 1440   548  15.025   2.397         
 1441   548  16.825  -0.053         
 1442   548  19.348   2.126         
 1443   548  20.150   1.971         
 1444   548  17.961  -0.186         
 1445   548  16.034   1.385         
 1446   548  20.065   0.924         
 1447   548  16.606   0.393         
 1448   548  18.092   1.602         
 1449   548  19.354  -1.187         
 1450   548   9.043  -0.085         
 1451   548  16.603   0.012         
 1452   548  16.483   0.561         
 1453   548  16.494   1.518         
 1454   548  19.108   3.282         
 1455   548  17.053   0.014         
 1456   548  20.094   1.627         
 1457   548  19.710   2.167         
 1458   548  18.404   2.151         
 1459   548  21.070   1.622         
 1460   548  17.071  -0.754         
 1461   548  16.303   0.086         
 1462   548  16.505   0.844         
 1463   548  18.409   0.384         
 1464   548  17.383   1.683         
 1465   548  16.315   0.956         
 1466   548  17.386  -0.955         
 1467   548  14.735   1.926         
 1468   548  17.663   0.096         
 1469   548  17.619   1.487         
 1470   548  19.190  -0.865         
 1471   548  16.473   0.612         
 1472   548  16.930   1.609         
 1473   548  16.830   0.427         
 1474   548  16.646   0.623         
 1475   548  16.756   1.636         
 1476   548  16.809  -0.003         
 1477   548  18.160   1.733         
 1478   548  16.578  -0.001         
 1479   548  16.161   0.530         
 1480   548  14.375   2.132         
 1481   548  16.410   0.576         
 1482   548  18.920   1.844         
 1483   548  17.104   0.046         
 1484   548  18.964   1.898         
 1485   548  16.548   0.207         
 1486   548  18.021   3.084         
 1487   548  17.256   0.625         
 1488   548  16.612  -0.347         
 1489   548  18.803   1.817         
 1490   548  16.715   0.010         
 1491   548  16.653  -0.183         
 1492   548  19.235   2.078         
 1493   548  16.879   1.248         
 1494   548  18.953   2.003         
 1495   548  19.914   2.334         
 1496   548  19.364  -0.788         
 1497   548  13.894   0.638         
 1498   548  17.500   0.285         
 1499   548  18.947   1.932         
 1500   548  17.478   0.222         
 1501   548  17.558  -0.201         
 1502   548  17.112   0.167         
 1503   548  17.089   0.075         
 1504   548  16.452   1.253         
 1505   548  20.080   2.067         
 1506   548  19.360   2.693         
 1507   548  18.341   2.031         
 1508   548  20.052   2.056         
 1509   548  17.514   0.647         
 1510   548  16.351   1.645         
 1511   548  16.959   1.791         
 1512   548  17.383  -0.135         
 1513   548  21.548   1.151         
 1514   548  17.626   0.956         
 1515   548  17.538   0.491         
 1516   548  18.208   3.236         
 1517   548  15.147   2.907         
 1518   548  15.963   1.024         
 1519   548  15.828   1.195         
 1520   548  19.252   1.667         
 1521   548  18.072   1.579         
 1522   548  16.471   2.616         
 1523   548  15.674   1.248         
 1524   548  16.435   1.160         
 1525   548  17.309   1.472         
 1526   548  14.332   2.225         
 1527   548  17.897   0.593         
 1528   548  20.151   1.180         
 1529   548  19.223  -0.612         
 1530   548  20.058   2.151         
 1531   548  21.440  -0.395         
 1532   548  18.031   0.464         
 1533   548  22.114  -0.833         
 1534   548  17.709   1.516         
 1535   548  16.801   1.308         
 1536   548  19.884  -1.269         
 1537   548  18.795   1.798         
 1538   548  18.583   1.624         
 1539   548  20.479   0.093         
 1540   548  18.285   1.653         
 1541   548  21.832  -0.644         
 1542   548  19.929   2.035         
 1543   548  20.965   1.567         
 1544   548  21.398  -0.204         
 1545   548  19.692  -1.168         
 1546   548  18.165   0.340         
 1547   548  19.576   1.994         
 1548   548  20.758   2.082         
 1549   548  19.325   2.084         
 1550   548  19.421   2.647         
 1551   548  17.908   1.674         
 1552   548  21.842   0.865         
 1553   548  19.158   1.801         
 1554   548  19.664   2.624         
 1555   548  19.683  -0.940         
 1556   548  19.878   2.000         
 1557   548  16.543   1.269         
 1558   548  17.514   1.817         
 1559   548  21.385   1.667         
 1560   548  16.622   1.150         
 1561   548  18.290   0.297         
 1562   548  20.519   1.590         
 1563   548  19.954  -1.392         
 1564   548  20.656  -0.811         
 1565   548  19.277   1.962         
 1566   548  19.333   2.109         
 1567   548  18.778   1.651         
 1568   548  19.542   2.260         
 1569   548  16.944   1.831         
 1570   548  20.570  -1.664         
 1571   548  20.058   0.523         
 1572   548  14.848   1.655         
 1573   548  18.103   1.563         
 1574   548  19.144   1.735         
 1575   548  21.359   0.332         
 1576   548  19.706   3.557         
 1577   548  19.940  -1.030         
 1578   548  20.671   1.409         
 1579   548  20.873  -0.172         
 1580   548  19.612   1.971         
 1581   548  19.158   1.643         
 1582   548  19.600   1.742         
 1583   548  20.786  -0.803         
 1584   548  17.889   1.673         
 1585   548  18.739   3.051         
 1586   548  20.184   2.418         
 1587   548  21.234   0.354         
 1588   548  20.799   1.484         
 1589   548  19.944   1.852         
 1590   548  20.699   1.252         
 1591   548  19.823   1.481         
 1592   548  18.791   1.468         
 1593   548  20.711   0.705         
 1594   548  18.147   1.549         
 1595   548  22.497  -0.168         
 1596   548  20.382  -1.692         
 1597   548  13.811   0.880         
 1598   548  20.753   2.007         
 1599   548  21.799   0.300         
 1600   548  21.447   0.915         
 1601   548  16.097   1.157         
 1602   548  18.344   1.744         
 1603   548  18.801   1.572         
 1604   548  21.161   0.348         
 1605   548  20.178   0.728         
 1606   548  19.287   2.540         
 1607   548  20.406  -1.891         
 1608   548  19.747   2.116         
 1609   548  21.349   1.048         
 1610   548  20.128   1.957         
 1611   548  16.126   1.370         
 1612   548  19.358   1.868         
 1613   548  16.342   1.524         
 1614   548  17.833   1.739         
 1615   548  19.166   2.266         
 1616   548  18.208   1.877         
 1617   548  20.386  -1.764         
 1618   548  18.447   2.968         
 1619   548  18.513   2.052         
 1620   548  20.377   1.858         
 1621   548  22.592  -2.835         
 1622   548  20.915   1.469         
 1623   548  16.920   2.480         
 1624   548  19.961   2.213         
 1625   548  16.500   1.435         
 1626   548  18.798   0.233         
 1627   548  20.745   2.672         
 1628   548  18.898   1.770         
 1629   548  20.718  -2.221         
 1630   548  17.653   1.916         
 1631   548  22.260  -1.382         
 1632   548  18.777   1.890         
 1633   548  20.600   1.143         
 1634   548  19.570  -1.986         
 1635   548  21.740   0.005         
 1636   548  19.683   2.250         
 1637   548  20.457   2.536         
 1638   548  19.893   2.609         
 1639   548  20.113   0.919         
 1640   548  18.300   2.128         
 1641   548  19.770  -0.891         
 1642   548  19.471   0.112         
 1643   548  18.192   1.760         
 1644   548  16.598   2.771         
 1645   548  15.513   4.009         
 1646   548  13.776   0.923         
 1647   548  16.526   1.404         
 1648   548  14.845   3.446         
 1649   548  19.146   0.222         
 1650   548  19.243   2.970         
 1651   548  18.777   3.626         
 1652   548  19.565   2.516         
 1653   548  18.829   1.755         
 1654   548  20.392   2.032         
 1655   548  21.698   0.712         
 1656   548  17.592   1.511         
 1657   548  18.782   1.903         
 1658   548  18.853   1.764         
 1659   548  19.758  -0.923         
 1660   548  18.605   2.332         
 1661   548  18.740   2.738         
 1662   548  20.895   2.971         
 1663   548  17.265   1.741         
 1664   548  18.403   1.852         
 1665   548  19.645   2.781         
 1666   548  15.391   1.155         
 1667   548  20.931   2.531         
 1668   548  20.453   1.695         
 1669   548  20.244   1.831         
 1670   548  19.960   2.221         
 1671   548  19.087   2.418         
 1672   548  17.375   1.416         
 1673   548  21.200   1.682         
 1674   548  20.073   1.094         
 1675   548  21.030  -2.348         
 1676   548  18.120   1.637         
 1677   548  20.298   1.620         
 1678   548  20.878  -0.236         
 1679   548  20.554   1.585         
 1680   548  20.341   1.782         
 1681   548  15.284   1.126         
 1682   548  16.708   1.408         
 1683   548  21.366   2.189         
 1684   548  15.864   1.428         
 1685   548  20.177   1.946         
 1686   548  19.131   0.439         
 1687   548  18.998   2.720         
 1688   548  17.991   2.002         
 1689   548  19.106   2.679         
 1690   548  20.189  -1.546         
 1691   548  20.066   1.781         
 1692   548  21.156   2.221         
 1693   548  19.467   0.221         
 1694   548  17.392   2.915         
 1695   548  18.563   1.762         
 1696   548  18.601   1.657         
 1697   548  20.992   0.886         
 1698   548  18.080   2.052         
 1699   548  20.490   1.163         
 1700   548  18.807   1.865         
 1701   548  17.933   1.352         
 1702   548  18.299   1.671         
 1703   548  19.164   2.058         
 1704   548  21.585   0.702         
 1705   548  20.671   0.545         
 1706   548  17.760   1.891         
 1707   548  19.384   0.555         
 1708   548  19.063   1.828         
 1709   548  18.376   1.680         
 1710   548  20.803  -2.037         
 1711   548  20.828  -0.250         
 1712   548  19.783   1.960         
 1713   548  16.228   1.330         
 1714   548  16.635   3.738         
 1715   548  18.428   1.778         
 1716   548  20.126   1.340         
 1717   548  20.750  -0.175         
 1718   548  17.557   2.077         
 1719   548  19.101   1.843         
 1720   548  19.603   1.800         
 1721   548  18.236   0.666         
 1722   548  19.663   1.921         
 1723   548  20.853   1.208         
 1724   548  19.152   2.568         
 1725   548  19.638   2.319         
 1726   548  19.668   0.104         
 1727   548  17.433   3.574         
 1728   548  18.616   1.616         
 1729   548  21.192   0.992         
 1730   548  20.617  -1.774         
 1731   548  16.642   1.421         
 1732   548  20.410   1.770         
 1733   548  22.411  -0.577         
 1734   548  17.337   2.722         
 1735   548  18.207   1.717         
 1736   548  17.919   1.688         
 1737   548  19.423   1.873         
 1738   548  18.458   2.438         
 1739   548  17.171   2.039         
 1740   548  16.382   1.203         
 1741   548  16.455   1.204         
 1742   548  22.652  -1.272         
 1743   548  20.861  -2.026         
 1744   548  18.058   1.373         
 1745   548  19.723   2.322         
 1746   548  18.645   1.828         
 1747   548  20.217   2.954         
 1748   548  19.383   1.844         
 1749   548  21.316   1.015         
 1750   548  16.288   1.268         
 1751   548  20.773  -0.658         
 1752   548  19.871   1.970         
 1753   548  15.442   2.426         
 1754   548  17.422   2.178         
 1755   548  19.635   0.214         
 1756   548  17.273   1.553         
 1757   548  16.545   1.218         
 1758   548  15.180   1.139         
 1759   548  20.493   0.083         
 1760   548  20.540   1.817         
 1761   548  20.214   2.125         
 1762   548  20.113   1.323         
 1763   548  18.939   2.088         
 1764   548  19.559   2.274         
 1765   548  16.625   1.579         
 1766   548  20.390  -0.286         
 1767   548  20.280   1.706         
 1768   548  20.355   2.953         
 1769   548  19.570   0.280         
 1770   548  22.052   1.175         
 1771   548  18.932   1.919         
 1772   548  15.600   1.227         
 1773   548  20.229   3.022         
 1774   548  19.383   2.393         
 1775   548  18.515   1.907         
 1776   548  22.479  -1.543         
 1777   548  19.332   1.549         
 1778   548  21.796   0.247         
 1779   548  21.432  -0.965         
 1780   548  21.010   1.721         
 1781   548  20.291   2.174         
 1782   548  18.708   1.718         
 1783   548  18.835   1.645         
 1784   548  22.107   0.137         
 1785   548  20.340   1.584         
 1786   548  18.400   0.548         
 1787   548  16.699   2.478         
 1788   548  20.090   1.643         
 1789   548  19.076   2.083         
 1790   548  15.787   1.289         
 1791   548  22.812  -0.369         
 1792   548  18.800   1.584         
 1793   548  19.260   1.540         
 1794   548  19.754   0.162         
 1795   548  19.342   1.632         
 1796   548  17.334   1.676         
 1797   548  16.937   1.472         
 1798   548  19.781   1.601         
 1799   548  19.751   1.787         
 1800   548  20.528  -1.618         
 1801   548  17.287   1.525         
 1802   548  22.144  -0.672         
 1803   548  18.451   1.596         
 1804   548  16.745   2.283         
 1805   548  22.163   0.979         
 1806   548  16.306   1.297         
 1807   548  22.022   1.283         
 1808   548  21.382   2.457         
 1809   548  21.615   1.750         
 1810   548  20.230   1.583         
 1811   548  20.034   2.360         
 1812   548  18.010   1.845         
 1813   548  20.782   1.706         
 1814   548  20.178   1.917         
 1815   548  17.523   1.977         
 1816   548  19.259   1.866         
 1817   548  18.556   2.371         
 1818   548  20.602   1.913         
 1819   548  18.748   1.898         
 1820   548  18.759   1.807         
 1821   548  15.197   1.656         
 1822   548  20.870  -2.022         
 1823   548  20.091   2.160         
 1824   548  17.089   1.347         
 1825   548  18.744   2.071         
 1826   548  18.416   1.833         
 1827   548  20.149  -0.028         
 1828   548  15.788   1.174         
 1829   548  19.502   2.413         
 1830   548  21.073   1.774         
 1831   548  18.810   2.218         
 1832   548  19.937   1.606         
 1833   548  18.752   1.741         
 1834   548  20.139   1.660         
 1835   548  20.782   2.001         
 1836   548  19.565   1.866         
 1837   548  16.817   1.350         
 1838   548  18.339   1.787         
 1839   548  22.467   0.604         
 1840   548  20.511   1.946         
 1841   548  21.047  -2.232         
 1842   548  20.555   1.311         
 1843   548  17.485   1.784         
 1844   548  15.523   1.706         
 1845   548  16.696   1.296         
 1846   548  15.248   1.004         
 1847   548  19.643   1.914         
 1848   548  19.842   0.035         
 1849   548  19.505   1.912         
 1850   548  18.606   1.715         
 1851   548  14.407   0.943         
 1852   548  19.742   2.918         
 1853   548  19.058   2.102         
 1854   548  20.264   1.520         
 1855   548  21.177   1.186         
 1856   548  19.870   2.091         
 1857   548  19.885   0.882         
 1858   548  19.780   2.777         
 1859   548  18.714   4.988         
 1860   548  20.653   1.304         
 1861   548  17.744   1.610         
 1862   548  20.050  -0.847         
 1863   548  20.203   1.514         
 1864   548  16.890   1.404         
 1865   548  18.926   1.720         
 1866   548  18.456   1.997         
 1867   548  19.736   0.724         
 1868   548  20.416   1.552         
 1869   548  19.290   2.369         
 1870   548  19.858   0.404         
 1871   548  21.602   0.948         
 1872   548  19.991   2.099         
 1873   548  17.641   1.597         
 1874   548  20.895  -1.791         
 1875   548  15.264   1.060         
 1876   548  19.550   2.217         
 1877   548  19.486   2.137         
 1878   548  17.571   1.669         
 1879   548  18.880   1.805         
 1880   548  12.290   0.655         
 1881   548  20.757   1.547         
 1882   548  18.489   1.868         
 1883   548  14.632   1.823         
 1884   548  19.976   0.420         
 1885   548  19.968   0.556         
 1886   548  20.156   2.351         
 1887   548  21.013   1.207         
 1888   548  14.382   0.939         
 1889   548  17.141   1.486         
 1890   548  20.952  -1.856         
 1891   548  16.824   1.269         
 1892   548  17.377   1.599         
 1893   548  17.881   1.510         
 1894   548  21.113   1.919         
 1895   548  17.009   1.478         
 1896   548  17.182   1.907         
 1897   548  19.831   0.561         
 1898   548  20.428   3.019         
 1899   548  18.256   2.135         
 1900   548  22.395   0.583         
 1901   548  16.554   1.486         
 1902   548  22.404   0.961         
 1903   548  19.985   1.860         
 1904   548  19.740   1.714         
 1905   548  19.879   0.131         
 1906   548  19.031   2.208         
 1907   548  14.291   1.187         
 1908   548  21.176   2.234         
 1909   548  17.553   1.708         
 1910   548  19.991   2.262         
 1911   548  16.825   1.466         
 1912   548  18.326   1.865         
 1913   548  17.153   1.582         
 1914   548  20.315  -1.266         
 1915   548  19.611   1.940         
 1916   548  20.688   2.591         
 1917   548  20.604   2.203         
 1918   548  19.500   2.267         
 1919   548  22.079   0.173         
 1920   548  20.423   3.127         
 1921   548  20.100   1.900         
 1922   548  18.632   3.485         
 1923   548  18.331   1.596         
 1924   548  16.327   1.400         
 1925   548  18.146   1.889         
 1926   548  18.318   2.360         
 1927   548  18.110   1.871         
 1928   548  20.019   0.115         
 1929   548  17.587   1.442         
 1930   548  18.682   0.461         
 1931   548  22.472  -1.417         
 1932   548  19.041   1.738         
 1933   548  19.508   2.151         
 1934   548  15.095   1.217         
 1935   548  19.787   2.415         
 1936   548  16.352   1.863         
 1937   548  18.680   3.119         
 1938   548  16.360   2.594         
 1939   548  20.963  -1.642         
 1940   548  14.482   0.897         
 1941   548  20.163   2.096         
 1942   548  18.079   1.790         
 1943   548  19.721   0.318         
 1944   548  16.095   1.182         
 1945   548  20.364   1.921         
 1946   548  20.215   1.811         
 1947   548  20.405   0.585         
 1948   548  18.849   2.146         
 1949   548  20.955   3.267         
 1950   548  20.470   2.065         
 1951   548  19.974   3.209         
 1952   548  18.021   1.574         
 1953   548  20.904   1.652         
 1954   548  18.305   2.016         
 1955   548  17.577   1.337         
 1956   548  17.779   1.549         
 1957   548  20.341  -0.084         
 1958   548  20.698  -1.656         
 1959   548  21.161   0.866         
 1960   548  16.831   1.600         
 1961   548  14.527   1.191         
 1962   548  20.394   1.122         


